Variant	Headword	Transliteration	Part of Speech	Definition	Etymon pt-PT	Etymology Full (Work here)	match_type	synset_id	wordnet_pos	wordnet_words	wordnet_definition	wordnet_example	decision	notes
	अचार	achār	noun	achar (a spicy and salty pickle of Indian cuisine)	achar	pt achar (Source: Dalgado, Dasa, McGregor) .	headword	00002511	NOUN	अचार; अँचार; अथान; अथाना; संधान	मसालों के साथ तेल में या यों ही कुछ दिन रखकर खट्टा किया हुआ फल या तरकारी आदि	मुझे आम और नींबू के अचार पसंद हैं ।		
	अचार	achār	noun	achar (a spicy and salty pickle of Indian cuisine)	achar	pt achar (Source: Dalgado, Dasa, McGregor) .	headword	00001843	NOUN	व्यवहार; आचरण; बरताव; बर्ताव; वर्त्ताव; चाल-चलन; चाल-ढाल; ब्यवहार; आचार; ढब; चाल; तौर-तरीक़ा; तौर-तरीका; तौरतरीक़ा; तौरतरीका; तौर_तरीक़ा; तौर_तरीका; सलूक; रंग-ढंग; बात-व्यवहार; आचार-व्यवहार; आचार_व्यवहार; रवैया; सलीका; सलीक़ा; अचार; शील; वतीरा; तरीक़त; तरीकत	सामाजिक संबंधों में औरों के साथ किया जाने वाला आचरण	उसका व्यवहार अच्छा नहीं है ।		
	अगस्त	agasta	noun	August	agosto	pt agosto (Source:  McGregor) | en August (Source: McGregor, Platts).	headword	00008481	NOUN	अगस्त	ईस्वी सन् का आठवाँ महीना	पन्द्रह अगस्त के दिन भारत स्वतंत्र हुआ था ।		
	अगस्त	agasta	noun	August	agosto	pt agosto (Source:  McGregor) | en August (Source: McGregor, Platts).	headword	00029065	NOUN	पाशुपत; अगस्त्य; अगती; अगस्त; दीर्घफलक; सुपूरक; वक; वकुल; काकशीर्ष; वक्रपुष्प; अगस्त्य_फूल; अगस्त_फूल	एक पेड़ से प्राप्त सुंदर फूल	माली पाशुपत की माला बना रहा है ।		
	अगस्त	agasta	noun	August	agosto	pt agosto (Source:  McGregor) | en August (Source: McGregor, Platts).	headword	00014769	NOUN	अगति; अगस्त्य; अगती; अगस्त; दीर्घफलक; सुपूरक; वक; वकुल; काकशीर्ष; वक्रपुष्प; शीघ्रपुष्प; वृक; शिवेष्ट; शिवशेखर; शिवांक; मुनिभेषज; शुकपुष्प; व्रणारि; सुनालक; वसु; पितृप्रिय; वसूक	एक पेड़	अगति में सुन्दर फूल और फलियाँ लगी हैं ।		
	अक्तूबर	aktūbara	noun	October	outubro	pt outubro (Source: Wiktionary) | en October (Source: McGregor) .	headword	00014654	NOUN	अक्तूबर; अक्टूबर; अक्टोबर; ऑक्टोबर	अँग्रेजी साल का दसवाँ महीना	अक्तूबर में इकतीस दिन होते हैं ।		
	अलमारी	alamārī	noun	cupboard, shelf; almirah	armário	la armarium 'closet, chest' > pt armário (Source: Wiktionary) .	headword	00003085	NOUN	अल्मारी; आल्मारी; अलमारी; आलमारी	वह खड़ा संदूक जिसमें चीज़ें रखने के लिए खाने या दर बने रहते हैं	सारे कपड़े अल्मारी के अंदर रख दो ।		
	आलमनक	ālamnak	noun	almanac	almanaque.	pt almanaque (Source: Dasa) .	unmatched							
	आलपीन	ālapīn 	noun	safety pin & a pin	alfinete	pt alfinete (Source: Dasa, McGregor) | en ? pin (Source: McGregor) .	headword	00004312	NOUN	आलपिन; आलपीन; पिन; कंटिका; टाँचनी; टांचनी	एक घुंडीदार सुई जिससे कागज़ आदि के टुकड़े जोड़ते या नत्थी करते हैं	मैंने एक डिब्बा आलपिनें खरीदीं ।		
	अंबर	ambar	noun	ambergris perfume	ambar	pt ambar (Source: Dalgado) | ar عَنْبَر (Source: Dalgado, McGregor) .	headword	00002176	NOUN	आकाश; आसमान; गगन; नभ; अंबर; व्योम; फलक; अम्बर; अगास; दिव; दिव्; ख; अभ्र; गैन; वियत; वियत्; समा; सोमधारा; वृजन; त्रिदशवर्त्म; त्रिदिव; नभस्थल; मेघद्वार; मेघवेश्म; अर्श; अविष; द्यु; असमान; महाविल; निर्मोक; महाशून्य; शून्य; अंब; अम्ब; आसमाँ; आस्माँ; आस्मान; तारापथ; तारायण	खुले स्थान में ऊपर की ओर दिखाई देने वाला खाली स्थान	आकाश में काले बादल छाये हुए हैं ।		
	अंबर	ambar	noun	ambergris perfume	ambar	pt ambar (Source: Dalgado) | ar عَنْبَر (Source: Dalgado, McGregor) .	headword	00002182	NOUN	बादल; मेघ; मेघा; जलद; नीरद; जलधर; पयोधर; घन; अंबर; अम्बर; अंबुधर; अम्बुधर; उदधि; अंभोधर; अम्भोधर; ा; मेह; नाग; अंबुद; अम्बुद; वारिद; वारिधर; धाराधर; तड़िद्गर्भ; तड़ित्वान्; तड़ित्वत; तड़ित्पति; सेंचक; सेचक; पाथोधर; अब्द; धाराट; अब्र; अभ्र; नदनु; मतंग; दात्यूह; वर्षकर; भव; रैवत; पाथोद; पाथोदर; तोयद; तोयधर; तोयधार; मतंगज; तोयमुच; रजलवाह; वातध्वज; श्वेतनील; श्वेतमाल; वृष्णि; शारद; पयोद; पयोजन्मा; नभधुज; नभध्वज; नभश्चर; नभोगज; नभोद्वीप; नभोधूम; नभोध्वज; नभोदुह; मेचक; वर्षाबीज; सत्रि; अर्णोद; अर्बुद; ध्वसनि; जलवाह; जलमसि; वातरथ; शक्रवाहन; चातकनन्दन; चातकनंदन; अश्म; महानाद; वलाहक; नीलभ; तोक्म; वर्षुकानंद; वर्षुकानन्द; वर्षुकांबुज; वर्षुकाम्बुज; धारावर; इंद्र; इन्द्र; धूमयोनि; विहंग; सुदामा; सुदाम; सुदामन	पृथ्वी पर के जल से निकली हुई वह भाप जो घनी होकर आकाश में फैल जाती है और जिससे पानी बरसता है	आकाश में काले-काले बादल छाये हुए हैं ।		
	अंबर	ambar	noun	ambergris perfume	ambar	pt ambar (Source: Dalgado) | ar عَنْبَر (Source: Dalgado, McGregor) .	headword	00001627	NOUN	समूह; ढेर; समष्टि; अंबार; अंबर; अम्बार; अम्बर; जखीरा; ज़ख़ीरा; गंज; अड़ार; गंजी; गांज; पुंज; पुंग; अड़ारी; निकर; टाल; आगर; आचय; उच्चय	एक जगह एकत्रित बहुत सी वस्तुएँ जो एक इकाई के रूप में हों	सुरेश ने लकड़ी के समूह में आग लगा दी ।		
	अंबर	ambar	noun	ambergris perfume	ambar	pt ambar (Source: Dalgado) | ar عَنْبَر (Source: Dalgado, McGregor) .	headword	00002206	NOUN	ढेर; अंबार; अंबर; अम्बार; अम्बर; राशि; गंज; जखीरा; अटंबर; अटाला; अटाल; अटम; चय; अटा; कूट; अमार; प्रसर; संभार; सम्भार; संश्लिष्ट; घानी; समायोग	एक जैसी वस्तुओं का कुछ ऊँचा समूह	राम और श्याम के बीच अनाज के ढेर का बँटवारा हुआ ।		
	अंबर	ambar	noun	ambergris perfume	ambar	pt ambar (Source: Dalgado) | ar عَنْبَر (Source: Dalgado, McGregor) .	headword	00002183	NOUN	कपड़ा; वस्त्र; चीर; पट; वसन; लत्ता; अंबर; अम्बर; धटिका; धटी; शाटक; शुक; आहत; सारंग	रुई, रेशम, ऊन आदि के तागों से बुनी हुई वस्तु	उसने क़मीज़ बनवाने के लिए दो मीटर टेरीलिन का कपड़ा खरीदा ।		
	अंबर	ambar	noun	ambergris perfume	ambar	pt ambar (Source: Dalgado) | ar عَنْبَر (Source: Dalgado, McGregor) .	headword	00014309	NOUN	अंबर; अम्बर; तैलस्फटिक	एक प्रकार का इत्र	उसने अंबर लगाया है ।		
	अंबर	ambar	noun	ambergris perfume	ambar	pt ambar (Source: Dalgado) | ar عَنْبَر (Source: Dalgado, McGregor) .	headword	00028151	NOUN	तृणमणि; अम्बर; ऐम्बर; अंबर; तैलस्फटिक; कहरुवा; कहरुबा	एक प्रकार का रत्न	तृणमणि का रंग सुनहरा या भूरा होता है । / तैलस्फटिक गोंद का जीवाश्म होता है ।		
अँगरेज	अँग्रेज़	am̐grēz	noun	English person (Englishman or Englishwoman)	inglês	pt inglês (Source: Dalgado, Dasa, McGregor, Platts) .	variant	00019368	NOUN	अंग्रेज; अंग्रेज़; अँगरेज; अंगरेज	इंग्लैंड का निवासी	अंग्रेज अपनी छावनी प्रायः पहाड़ी स्थानों पर बनाते थे ।		
	आमीन	āmīn	interjection	amen	amen	pt amen (Source: Dalgado) | ar آمين ‘amen’ (Source: Dalgado, McGregor) .	unmatched							
अमरूद	अमरूत	amrut	noun	guava, Psidium guayava	pera	fa امرود (Source: Dasa) .	headword	00004478	NOUN	अमरूद; बिही; अमरूत	छोटे बीजों वाला एक हरे या पीले रंग का उष्णकटिबंधीय फल जो खाया जाता है तथा जिससे जेली बनाते हैं	अमरूद में विटामिन सी होता है ।		
अमरूद	अमरूत	amrut	noun	guava, Psidium guayava	pera	fa امرود (Source: Dasa) .	headword	00004479	NOUN	अमरूद; अमरूद_वृक्ष; अमरूत; बिही	एक पेड़ जिसका फल खाया जाता है	अमरूद की छाल से कई प्रकार की औषधियाँ बनाई जाती हैं ।		
	अनन्नास	anannāsa	noun	pineapple (fruit)	ananás	pt ananás ‘pineapple’ (Source: Dalgado, Dasa, McGregor, Platts) .	headword	00016237	NOUN	अनन्नास; अनानास; आनानास	एक प्रकार का खटमिट्ठा फल	अनन्नास में विटामिन सी की अधिकता होती है ।		
	अनन्नास	anannāsa	noun	pineapple (fruit)	ananás	pt ananás ‘pineapple’ (Source: Dalgado, Dasa, McGregor, Platts) .	headword	00016236	NOUN	अनन्नास; अनानास; आनानास	एक छोटा पौधा जिसमें खटमीठे फल लगते हैं	अनन्नास की पत्तियाँ कँटीली होती हैं ।		
	अंग्रेज़	aṅgrez	noun	English person (Englishman or Englishwoman)	inglês	pt inglês (Source: Dalgado, McGregor) .	headword	00019368	NOUN	अंग्रेज; अंग्रेज़; अँगरेज; अंगरेज	इंग्लैंड का निवासी	अंग्रेज अपनी छावनी प्रायः पहाड़ी स्थानों पर बनाते थे ।		
	अनीसून	anīsun	noun	aniseed	anis	ur (Source: Dasa) .	headword	00007557	NOUN	सौंफ; सोंफ; अतिच्छत्र; अनीसून; मधुरिका; मिषिका; ज्योत्स्ना; ज्योत्सना; सुपुष्पिका; सुपुष्पी; घोषा; मधुरा; श्वेतिका; शीर्णपुष्पी; शीर्णपुष्पिका; सालेया; शलप्रसूना; शताक्षी; शतकुसुमा	दवा और मसाले के रूप में प्रयुक्त होने वाला एक बीज	सौंफ से शराब भी बनाई जाती है ।		
	अनीसून	anīsun	noun	aniseed	anis	ur (Source: Dasa) .	headword	00007555	NOUN	सौंफ; सोंफ; शतपुष्पा; अतिच्छत्र; अधःपुष्पी; अनीसून; मधुरिका; मिषिका; ज्योत्स्ना; ज्योत्सना; सुपुष्पिका; सुपुष्पी; घोषा; मधुरा; श्वेतिका; शीर्णपुष्पिका; शीर्णपुष्पी; सालेया; रुद्र-जटा; रुद्र_जटा; रुद्रजटा; वहला; शताक्षी; शलप्रसूना; अवाक्पुष्पी; शतकुसुमा; स्थूला	एक छोटा पौधा जिसके बीज दवा और मसाले के काम में आते हैं	उसने एक छोटी सी क्यारी में सौंफ लगा रखी है ।		
	अरगन	argana	noun	organ	orgão	en organ (Source: Dasa, McGregor) .	unmatched							
	अस्पताल	aspatāla	noun	hospital	espital	pt espital (Source: McGregor) | en hospital (Source: Dasa, McGregor) .	headword	00003265	NOUN	अस्पताल; चिकित्सालय; हस्पताल; आरोग्यशाला; रुग्णालय; आरोग्यभवन; हॉस्पिटल; हास्पिटल; शफाखाना; शफ़ाख़ाना; शफा-खाना; शफ़ा-ख़ाना; दवाख़ाना; दवाखाना; आरोग्य_शाला; रोग_निदानिका; रोग_निदानगृह; निदानिका; निदानगृह; रोग_निदान-गृह; निदान-गृह; क्लीनिक; क्लिनिक	वह स्थान जहाँ रोगियों की चिकित्सा की जाती है या उन्हें दवा दी जाती है	गाँव में एक बड़ा अस्पताल बन रहा है ।		
	अस्पताल	aspatāla	noun	hospital	espital	pt espital (Source: McGregor) | en hospital (Source: Dasa, McGregor) .	headword	00038206	NOUN	अस्पताल; चिकित्सालय; क्लिनिक	वह स्थान जहाँ सिर्फ़ बाहरी रोगियों (जो अस्पताल में भर्ती न हों) को स्वास्थ्य सुविधाएँ दी जाती हैं	डॉक्टर ने जाँच करने के लिए कल अपने अस्पताल में बुलाया है ।		
	अस्तबल	astabala	noun	stable (for a horse)	estábulo	pt estábulo (Source: McGregor) |  grc > la > ar ist̤abal (Source: McGregor) | ar (Source: Dasa) .	headword	00000735	NOUN	अस्तबल; घुड़साल; अश्वशाला; हयशाला; हय-शाला; तुरंगशाला; पेलिशाला; अश्वशाल; तुरंगमशाला; अश्वगोष्ठ; मंदुरा; मन्दुरा; मंदिरा; मन्दिरा; अश्वकुटी; आखर	घोड़ों के रहने का स्थान	इस अस्तबल में पाँच घोड़े हैं ।		
आत	अता	atā	noun	Custard-apple (Anona squamosa), synonymous with सरीफ़ा, सीताफल .	ata	pt ata (Source: Dalgado) | sa आ+तृप्य (Source: Platts) . 	headword	00001694	NOUN	प्रदान; देना; अता	किसी को कुछ देने की क्रिया	पुरस्कार प्रदान के लिए मुख्यमंत्री जी को आमंत्रित किया गया है ।		
	आया	āyā	noun	ayah: nurse maid, nurse	aia	pt aia (Source: Dasa, McGregor, Platts) .	headword	00006136	NOUN	धाय; धाय_माँ; दाई; धाई; आया; धात्री; अन्ना; मातृका; धात्रेयी; पपु	दूसरे के बच्चे को अपना दूध पिलाने या उसकी देख-रेख करने वाली स्त्री	माँ की मृत्यु के बाद श्याम एक धाय की गोद में पला-बढ़ा ।		
	बैंगन	baiṅgan	noun	eggplant, aubergine, brinjal	beringela	sa वङ्गन  (Source: Platts) |  fa بادنجان (Source: Soares) | sa वृन्ताक (Source:  Dasa) .	headword	00006539	NOUN	बैंगन; बैगन; भंटा; भाँटा; शाकबिल्व; शाकबिल्वक; वृंताक; वृन्ताक; नीलवृषा; शाकश्रेष्ठा; वृंताकी; वागुण; वरा; चित्रफला; रक्तकंठ; रक्तकण्ठ; निद्रालु; नीलफला; नटपत्रिका	एक फल जिसकी तरकारी बनती है	माँ सब्जी बनाने के लिए बैंगन चीर रही है ।		
	बैंगन	baiṅgan	noun	eggplant, aubergine, brinjal	beringela	sa वङ्गन  (Source: Platts) |  fa بادنجان (Source: Soares) | sa वृन्ताक (Source:  Dasa) .	headword	00006478	NOUN	बैंगन; बैगन; भंटा; भाँटा; शाकबिल्व; शाकबिल्वक; वृंताक; वृन्ताक; नीलवृषा; शाकश्रेष्ठा; वृंताकी; वागुण; वरा; चित्रफला; रक्तकंठ; रक्तकण्ठ; निद्रालु; नीलफला; नटपत्रिका	एक पौधा जिसके फलों की तरकारी बनती है	किसान बैगन के खेत में निराई-गुड़ाई कर रहा है ।		
	बजरा	bajrā	noun	A kind of boat commonly used for travelling; a large kind of pleasure-boat (round-bottomed and keel-less, — commonly called 'budgerow').	baixel	ar بغلة (Source: Dalgado) | sa वज्र+कः (Source: Platts) .	headword	00009583	NOUN	बजरा	एक प्रकार की बड़ी छतदार नाव	वह झील में बजरे से सैर कर रहा है ।		
	बालटी	bālaṭī	noun	bucket, container	balde	pt balde (Source: McGregor) | en bucket (Source: Dasa) | sa  वारि+धि? (Source: Platts) .	headword	00007254	NOUN	बालटी; बाल्टी	पानी भरने के लिए धातु आदि की एक प्रकार की डोलची जिसमें एक टँगना लगा रहता है	श्याम एक बाल्टी पानी में नहा लेता है ।		
	बंबा	bambā	noun	pump; water pump & channel, narrow river, creek	bomba	pt bomba (Source: McGregor) .	headword	00009573	NOUN	बंबा	पानी के कल का वह अगला भाग जिसमें से पानी निकलता है	कचरा फँसने के कारण बंबे से पानी रुक-रुक कर आ रहा है ।		
	बंबा	bambā	noun	pump; water pump & channel, narrow river, creek	pompa	pt pompa (Source: McGregor) | ar (Source: Dasa) | fa (Source: Dasa) .	headword	00009573	NOUN	बंबा	पानी के कल का वह अगला भाग जिसमें से पानी निकलता है	कचरा फँसने के कारण बंबे से पानी रुक-रुक कर आ रहा है ।		
	बाप्तिस्मा	bāptismā	noun	(Christianity) baptism	baptismo	pt ? baptismo (Source: Dalgado) | grc > pt baptismo (Source: McGregor) | en baptism (Source: Dalgado) | grc βάπτισμα (Source: Platts) .	unmatched							
	बरामदा	barāmadā	noun	verandah	varanda	pt varanda (Source: Dalgado, McGregor) | fa bar āmada ‘come forth' (Source: Dasa, McGregor) .	headword	00000203	NOUN	बरामदा; बरांदा; ओसारा; दालान; वरंडा; वरांडा; चौपाल	किसी भवन या मकान के अन्तर्गत वह लम्बी वास्तु-रचना जिसके तीन ओर दीवारें, ऊपर छत और सामनेवाला भाग बिलकुल खुला होता है तथा जिसमें से होकर किसी दूसरे कमरे आदि में प्रवेश करते हैं	श्याम बरामदे में बैठकर चाय पी रहा है ।		
	बरमा	barmā	noun	(tool) drill, borer	verruma	pt verruma (Source: Dalgado) .	headword	00006986	NOUN	बरमा; बेधक	लकड़ी, लोहे आदि में छेद करने का एक औज़ार	बढ़ई बरमे से किवाड़ के पल्ले में छेद कर रहा है ।		
	बस	bas	adv.	merely, only	basta	fa بس ‘enough, sufficiently' (Source: Dasa, McGregor) .	headword	00009611	ADV	बस; अलम्; अलं	और अधिक नहीं या इतना बहुत है	ज़्यादा खाना मत परोसिए, बस कीजिए ।		
	बस	bas	adv.	merely, only	basta	fa بس ‘enough, sufficiently' (Source: Dasa, McGregor) .	headword	00014619	ADV	अकेला; केवल; सिर्फ़; मात्र; खाली; ख़ाली; बस; निपट; महज़; सिर्फ; तन्हा; तनहा; एकाकी; एकमेव; एकंग; इकेला	बिना किसी साथ के	वह घर पर अकेला है। / वह अकेले जा रहा था ।		
	बस	bas	adv.	merely, only	basta	fa بس ‘enough, sufficiently' (Source: Dasa, McGregor) .	headword	00040276	ADV	सिर्फ़; सिर्फ; केवल; मात्र; बस; खाली; ख़ाली	किसी निश्चित तथा निर्दिष्ट परिमाण, संख्या या मात्रा में	दीदी की सगाई में सिर्फ़ दस लोग आए थे ।		
	बस	bas	adv.	merely, only	basta	fa بس ‘enough, sufficiently' (Source: Dasa, McGregor) .	headword	00040284	ADV	सिर्फ़; सिर्फ; केवल; मात्र; बस; खाली; ख़ाली	बस इतना ही या यही, और कुछ नहीं	मैं उनसे सिर्फ़ कह सकता था बाकी उनकी मर्ज़ी ।		
	बासन	bāsan	noun	pot; any container 	bacia ou bacio	pt bacia, bacio (Source: Dalgado) | sa भाजन ‘(arithmetic) dividing, sharing' & 'a vessel, pot, plate, cup (Source: Dalgado) | sa वासन (Source: Dasa, Platts) .	headword	00003475	NOUN	बर्तन; बरतन; बासन; भाँड़; भांड़; भाँड; भांड; पात्र; आहड़; धात्र	धातु, शीशे, मिट्टी आदि का वह आधार जिसमें खाने-पीने की चीज़ें बनायी या रखी जाती हैं	धातु के नक्काशीदार बर्तन बहुत सुंदर लगते हैं ।		
	बटन	baṭan	noun	button (fastener) &  button (presser)	botão	en button (Source: Dasa, Platts) .	headword	00000488	NOUN	बटन; बुताम	पहनने के कपड़ों में लगनेवाली चिपटी घुंडी	आपके कुर्ते का एक बटन टूट गया है ।		
	बटन	baṭan	noun	button (fastener) &  button (presser)	botão	en button (Source: Dasa, Platts) .	headword	00004395	NOUN	बटन; स्विच	वह पेंच या कमानी,जिसके घुमाने,दबाने आदि से कोई काम होता है	उसने मशीन चालू करने के लिए बटन दबाया ।		
	बटन	baṭan	noun	button (fastener) &  button (presser)	botão	en button (Source: Dasa, Platts) .	headword	00010714	NOUN	ऐंठन; ऐंठ; मरोड़; बल; बटन; उकेला	रस्सी आदि में होने वाला घुमाव	किसी रस्सी में जितनी ऐंठन होती है वह उतनी ही मज़बूत होती है ।		
	बटन	baṭan	noun	button (fastener) &  button (presser)	botão	en button (Source: Dasa, Platts) .	headword	00012962	NOUN	बटाई; बटन	बटने की क्रिया या भाव	रामू काका रस्सी की बटाई कर रहे हैं ।		
	बटन	baṭan	noun	button (fastener) &  button (presser)	botão	en button (Source: Dasa, Platts) .	headword	00012963	NOUN	बटन	एक प्रकार का बदले का तार	शीला चुनरी में बटन लगा रही है ।		
	भाप	bhāp	noun	steam, water vapour  & vapour, gas	bafo	pt ? bafo (Source: Dalgado) | sa वाष्प (Source: Dalgado, Dasa) | sa वप्प (Source: Dasa) .	headword	00007406	NOUN	भाप; वाष्प; अपसार; अबखरा	पानी के खौलने पर उसमें से निकलने वाले बहुत छोटे-छोटे जलकण जो धुएँ के रूप में ऊपर उठते हुए दिखाई देते हैं	सर्वप्रथम जेम्स वाट ने भाप की शक्ति को पहचाना ।		
	बिलिंबी	bilimbī	noun	the fruit of Averrhoa bilimbi	bilimbim	ms belimbing (Source: Dasa) .	headword	00025547	NOUN	बिलंबी; बिलम्बी; बिलिंबी; बिलिम्बी	एक वृक्ष से प्राप्त खट्टा फल	रहीम बिलंबी खा रहा है ।		
	बिलिंबी	bilimbī	noun	the fruit of Averrhoa bilimbi	bilimbim	ms belimbing (Source: Dasa) .	headword	00025546	NOUN	बिलंबी; बिलम्बी; बिलिंबी; बिलिम्बी	कमरख की जाति का एक पेड़	बिलंबी के खट्टे फल खाए जाते हैं ।		
	बिस्कुट	biskuṭ	noun	biscuit, cookie, cracker	biscoito	pt biscoito (Source: Dalgado) | en biscuit (Source: Dasa) .	headword	00000444	NOUN	बिस्कुट; बिस्किट	एक प्रकार का विलायती पकवान जो छोटी चपटी टिकिया के आकार का होता है	बच्चा बिस्कुट खा रहा है ।		
	बोतल	bōtal	noun	bottle	botelha	pt ? botelha (Source: Dalgado, McGregor) | en bottle (Source: Dalgado, Dasa, McGregor, Platts) .	headword	00003787	NOUN	बोतल; बॉटल; बाटल	लम्बी गर्दन वाला काँच आदि का एक पात्र	उसने शराब की खाली बोतल को धोकर उसमें सरसों का तेल रखा ।		
बुवयाम	बोयाम	boyam	noun	pot, generally of clay or porcelain	boião		unmatched							
	चाबी	cābī	noun	key 	chave	pt chave (Source: Dalgado, Dasa) .	headword	00005196	NOUN	चाबी; कुंजी; ताली; चाभी; कुंची; साधारणी; कुंचिका; उघरनी; उघन्नी	ताले के साथ का वह उपकरण जिससे वह खोला और बंद किया जाता है	मेरे ताले की खोई हुई चाबी मिल गई ।		
	चाबी	cābī	noun	key 	chave	pt chave (Source: Dalgado, Dasa) .	headword	00029730	NOUN	चाबी	घड़ी, बाजे आदि में का वह उपकरण जिसको घुमाकर कुँजी या कूक देते हैं जिसके कारण वह घड़ी, बाजा आदि गतिमान हो जाता है	लड़का बाजे की चाबी को ऐंठ रहा है ।		
	चाबी	cābī	noun	key 	chave	pt chave (Source: Dalgado, Dasa) .	headword	00005195	NOUN	चाबी; कूक	घड़ी, बाजे आदि में कुँजी देने की क्रिया	चाबीवाली घड़ी चाबी के कारण ही चलती है । / यह आठ दिनों की कूक की घड़ी है ।		
	चाय	cāy	noun	tea (plant, beverage) & cup of tea	chá	pt chá (Source: Dalgado) | fa cāʾe (Source: McGregor) .	headword	00005197	NOUN	चाय	चाय के पौधे की पत्तियों को पानी में उबालकर चीनी, दूध आदि मिलाकर बनाया हुआ पेय पदार्थ	मधुमेह के रोगी बिना चीनी की चाय पीते हैं ।		
	चाय	cāy	noun	tea (plant, beverage) & cup of tea	chá	pt chá (Source: Dalgado) | fa cāʾe (Source: McGregor) .	headword	00005198	NOUN	चाय	एक पौधा जिसकी पत्तियाँ उबलते हुए पानी में डालकर एक पेय बनाते हैं	आसाम में चाय के बड़े-बड़े बागान हैं ।		
	चाय	cāy	noun	tea (plant, beverage) & cup of tea	chá	pt chá (Source: Dalgado) | fa cāʾe (Source: McGregor) .	headword	00005199	NOUN	चाय_पत्ती; चाय	चाय के पौधों की सूखी पत्तियाँ जिन्हें पानी में डालकर एक प्रसिद्ध पेय बनाते हैं	उसने दुकान से एक किलो चाय पत्ती खरीदी ।		
	चाय	cāy	noun	tea (plant, beverage) & cup of tea	chá	pt chá (Source: Dalgado) | fa cāʾe (Source: McGregor) .	headword	00028425	NOUN	चाय; चाय_पार्टी	वह स्वागत समारोह या पार्टी जहाँ आगंतुकों को पीने के लिए चाय दी जाती है	हम लोग संगोष्ठी के बाद चाय पर मिलेंगे । / प्रबंधक ने बैंक के सभी कर्मचारियों को चाय पर बुलाया है ।		
	चपात	chapat	noun	 A shoe of the European fashion (having a heel-piece, in contradistinction to the Persian shoe).	sapato	pt sapato (Source: Platts) .	unmatched							
	दिसंबर	disambara	noun	December	dezembro	pt dezembro (Source: McGregor) | en December (Source: Dasa, McGregor) .	headword	00010906	NOUN	दिसम्बर; दिसंबर	अंग्रेज़ी वर्ष का बारहवाँ महीना	मोहन का जन्म तीन दिसम्बर को हुआ था ।		
	डीसिल्वा	ḍīsilvā	proper noun	a surname from Portuguese, equivalent to English D'Silva or Desilva	da Silva	pt da Silva (Source: Wiktionary) > kok द सिल्वा (Source: Wiktionary) > en D'Silva, Desilva (Source: Wiktionary) .	unmatched							
	फ़लाँ	falan	noun	such a person (such a one), such a thing	fulano	ar (Source: Dasa, McGregor) | fa  (Source: Dasa) .	unmatched							
	फ़ालतू	fāltū	adj.	unnecessary, pointless & bad; not nice; of poor quality & useless, irrelevant, good-for-nothing (used for someone)	falto	pt falto (Source: Dalgado) .	headword	00002253	ADJ	अनुपयोगी; निरुपयोगी; अनावश्यक; उपयोगहीन; निरर्थक; बेकार; व्यर्थ; फालतू; फ़ालतू; आलतू-फालतू; आलतू-फ़ालतू; रद्दी; नाकारा; नकारा; अव्यवहार्य्य; असेव्य; लंद-फंद; अकाज; अकारज; अकारथ; अकारत; अनर्थक; बेफ़ायदा; बेफायदा; बे-फायदा; बेकाम; अपशिष्ट; अलीक; पोच; अल्लम-गल्लम; आखोर; गायताल	जो उपयोगी न हो या किसी उपयोग में न आए	यह आपके लिए अनुपयोगी वस्तु है । / अनुपयोगी बातों में अपना समय मत गँवाओ ।		
	फ़ालतू	fāltū	adj.	unnecessary, pointless & bad; not nice; of poor quality & useless, irrelevant, good-for-nothing (used for someone)	falto	pt falto (Source: Dalgado) .	headword	00003683	ADJ	अनावश्यक; अनपेक्षित; फालतू; फ़ालतू; आलतू-फालतू; आलतू-फ़ालतू; अवांछनीय; ग़ैरज़रूरी; गैरजरूरी; ग़ैर_ज़रूरी; गैर_जरूरी; निष्प्रयोजन; फ़जूल; फजूल; बहिरंग	जो आवश्यक न हो	तुम अपना समय अनावश्यक कामों में क्यों बिताते हो ।		
	फ़ालतू	fāltū	adj.	unnecessary, pointless & bad; not nice; of poor quality & useless, irrelevant, good-for-nothing (used for someone)	falto	pt falto (Source: Dalgado) .	headword	00002230	ADJ	निकम्मा; निठल्ला; निठल्लू; निरुद्यमी; निरुद्योगी; अकर्मण्य; निखट्टू; कर्महीन; नकारा; नाकारा; उद्यमरहित; अव्यवसायी; निर्यत्न; निरुद्योगी; अयत्नकारी; अकर्मा; अनुद्यत; बेकार; फालतू; फ़ालतू; आलतू-फालतू; आलतू-फ़ालतू; मट्ठर; बोदा; बोद्दा; अहदी; आखोर; अप्रगल्भ; आलसी; अलस; अकृती; अकृति; गायताल; अनेरा	जो कोई काम न करता हो	निकम्मे व्यक्ति को सभी कोसते हैं ।		
	फ़रमा	faramā	noun	in the sense of ‘mould, appearance’	forma	en form (Source: McGregor) .	unmatched							
फीता	फ़ीता	fītā	noun	lace; shoelace & tape; tape measure & ribbon	fita	pt fita (Source: Dalgado, Dasa) .	variant	00006896	NOUN	फ़ीता; फीता; रिबन	कोई वस्तु लपेटने, बाँधने आदि के लिए विशेष प्रकार के कपड़े या प्लास्टिक आदि की लम्बी पट्टी	फ्रॉक में लगे रंगीन और चमकदार फ़ीते सुन्दर लग रहे हैं ।		
फीता	फ़ीता	fītā	noun	lace; shoelace & tape; tape measure & ribbon	fita	pt fita (Source: Dalgado, Dasa) .	variant	00009565	NOUN	बंद; बन्द; फ़ीता; फीता; बंध; बन्ध	वह चीज़ जिससे कुछ बाँधा जाए	उपहार को बहुत सुंदर बंद से बाँधा गया है ।		
फीता	फ़ीता	fītā	noun	lace; shoelace & tape; tape measure & ribbon	fita	pt fita (Source: Dalgado, Dasa) .	variant	00035171	NOUN	फीता; फ़ीता; बंद; बन्द; बंध; बन्ध	जूता बांधने का बंद	फीता खुलकर पैर में उलझ गया ।		
फीता	फ़ीता	fītā	noun	lace; shoelace & tape; tape measure & ribbon	fita	pt fita (Source: Dalgado, Dasa) .	variant	00002885	NOUN	टेप; माप-पट्टी; फीता; फ़ीता	कपड़े या धातु की वह पट्टी जिस पर इंचों आदि के चिह्न बने होते हैं और जो चीजों की ऊँचाई, गहराई, लंबाई, दूरी आदि नापने के काम आती है	वह टेप से सड़क नाप रहा था ।		
	गिरजा	girajā	noun	church & chapel	igreja	pt igreja (Source: Dalgado, Dasa) .	headword	00004908	NOUN	गिरजाघर; गिरिजाघर; चर्च; गिरजा	ईसाइयों का सार्वजनिक प्रार्थना मंदिर	डेविड प्रतिदिन गिरजाघर जाता है ।		
	गोभी	gobhī	noun	cabbage & cauliflower	couve	pt couve (Source: Dalgado) | sa गो+जिव्हा? (Source: Platts) | en cabbage (Source: Dasa) .	headword	00004970	NOUN	फूलगोभी; गोभी; गोजिह्वा; शृंगवेरिका	एक प्रकार का बहुत बड़ा फूल जो तरकारी के रूप में खाया जाता है	माँ फूलगोभी की सब्जी बना रही है ।		
	गोभी	gobhī	noun	cabbage & cauliflower	couve	pt couve (Source: Dalgado) | sa गो+जिव्हा? (Source: Platts) | en cabbage (Source: Dasa) .	headword	00004971	NOUN	फूलगोभी; गोभी; शृंगवेरिका	एक प्रकार का पौधा जिसका फूल तरकारी के रूप में खाया जाता है	वह फूलगोभी की सिंचाई कर रहा है ।		
	गोदाम	godām	noun	storage, godown	gudão	pt gudão (Source: Dalgado) | bn গুদাম ‘godown, warehouse' (Source McGregor) | en godown (Source: Dasa) .	headword	00003377	NOUN	गोदाम; भंडार; संग्रहण_स्थान; भंडारण_स्थान; संचयन_स्थान	किसी संरचना का वह क्षेत्र जहाँ वस्तुएँ आदि संग्रह या इकट्ठी की जाती हैं	यह गोदाम खाद्य सामग्री रखने के लिए उपयुक्त है ।		
	गोदाम	godām	noun	storage, godown	gudão	pt gudão (Source: Dalgado) | bn গুদাম ‘godown, warehouse' (Source McGregor) | en godown (Source: Dasa) .	headword	00038999	NOUN	गोदाम; मालगोदाम; माल_गोदाम; भंडार; गोडाउन	ऐसा स्थान जहाँ व्यापारी अपनी व्यापार करने की वस्तुएँ रखता है	गोदाम से माल ट्रक में भरा जा रहा है ।		
	गुदाम	gudam	noun	button	botão	sk (Source: Dasa) | pt botão (Source: Dasa) | en button (Source: Dasa) > hi बुताम (Source: Dasa) .	unmatched							
	हलमरिया	halamriyā	noun	(sailing) cell below ship's deck	armário	pt armário (Source: Dasa) .	unmatched							
	इस्पात	ispāta	noun	steel	espada	pt espada (Source: Dalgado, Dasa, McGregor) .	headword	00001457	NOUN	इस्पात; फौलाद; इसपात; फ़ौलाद; अभ्रकसत्व; तीक्ष्णलौह; तीष्णायस; वज्र	एक प्रकार का बढ़िया लोहा	हमारे शहर में इस्पात का एक कारख़ाना है ।		
	इस्तरी	istarī	noun	iron, press	estirar	pt estirar (Source: Dalgado, McGregor) .	headword	00008546	NOUN	इस्तरी; प्रेस; इस्तिरी; इस्त्री	वह उपकरण जिसे गरम करके कपड़े की तह बैठाई जाती है	धोबी कपड़ों में लोहा करने के लिए इस्तरी को गरमा रहा है ।		
	जंगला	jaṅglā	noun	fencing, railing & grille-fitted window	janela	pt janela (Source: Dasa) | जाङ्गल+कः (Source: Platts) .	headword	00024786	NOUN	जंगला	वह खिड़की या दरवाजा जिसमें लोहे की छड़ लगे हों	बाहर जाते समय जंगले का ताला अवश्य लगा देना ।		
	जंगला	jaṅglā	noun	fencing, railing & grille-fitted window	janela	pt janela (Source: Dasa) | जाङ्गल+कः (Source: Platts) .	headword	00024787	NOUN	जंगला	छड़ लगी हुई चौखट	बालकनी जंगले से घिरी हुई है ।		
	जेंटू	jẽṭū	noun	Gentoo	gentio	pt gentio (Source: Hobson-Jobson) .	unmatched							
	जुआ	juā	noun	gambling	jogar	pt jogar (Source: Dalgado) |  sa द्यूत ‘gambling, game of dice' (Source: Dasa) |  sa द्यूत+कः (Source: Platts) .	headword	00005640	NOUN	जुआ; जूआ; जुवा; द्यूत; द्यूत_क्रीड़ा; पण; पतय; कैतव; अंधिका; अन्धिका	दाँव लगाकर खेला जानेवाला हार-जीत का खेल	पांडव द्रौपदी को जुए में हार गए थे ।		
	जुआ	juā	noun	gambling	jogar	pt jogar (Source: Dalgado) |  sa द्यूत ‘gambling, game of dice' (Source: Dasa) |  sa द्यूत+कः (Source: Platts) .	headword	00030205	NOUN	जुआ	वह काम या उपक्रम जिसमें खतरा या जोखिम हो	कातिल तक पहुँचने के लिए उसने एक जुआ खेला ।		
	जुआ	juā	noun	gambling	jogar	pt jogar (Source: Dalgado) |  sa द्यूत ‘gambling, game of dice' (Source: Dasa) |  sa द्यूत+कः (Source: Platts) .	headword	00005641	NOUN	जुआ; जूआ; जुआठ; जुआठा; युग; जूड़; माची; सिमल	गाड़ी, हल आदि के आगे की वह लकड़ी जो बैलों के कंधे पर रहती है	किसान जुए को बैलों के कंधे पर रख रहा है ।		
	जुआरी	juārī	noun	gambler	jogar	pt jogar (Source: Dalgado) |  sa द्यूत ‘gambling, game of dice' (Source: Dasa) | sa द्यूत+कारी(इन्)+कः (Source: Platts) .	headword	00008242	NOUN	जुआरी; जुएबाज; जुआबाज़; जुआबाज; जुवारी; जुआड़ी; जुवाड़ी; कितव; अक्षक; द्यूतकर; किमारबाज; किमारबाज़; द्यू; कैतव; कैरव; धूर्त; धूत्तक; दरोदर	जुआ खेलनेवाला व्यक्ति	जुआरी जुए में अपनी सारी सम्पत्ति हार गया ।		
	जुल्लाब	jullab	noun	julep purgative	jalapa	ar جلاب (Source: Dasa) .	unmatched							
	कैथोलिक	kaitholik	noun	Catholic, Roman Catholic	católico	pt católico (Source: Dalgado) | en Catholic (Source: Dalgado) .	headword	00019454	NOUN	कैथोलिक	कैथोलिक मत को मामने वाले ईसाई	गुजरात के कैथोलिक वर्तमान सरकार के विरोधी हैं ।		
	काज	kāj	noun	a buttonhole	casa (de botão)	pt casa de botão (Source: Dasa) | sa काचः ‘a loop' (Source: Platts) .	headword	00000689	NOUN	कार्य; काम; काज; कर्म; ड्यूटी; कामकाज; काम-काज	व्यवसाय, सेवा, जीविका आदि के विचार से किया जाने वाला काम	अपना कार्य पूरा करने के बाद वह चला गया ।		
	काज	kāj	noun	a buttonhole	casa (de botão)	pt casa de botão (Source: Dasa) | sa काचः ‘a loop' (Source: Platts) .	headword	00004271	NOUN	काज	पहनने के कपड़े में वह छेद जिसमें बटन फँसाते हैं	इस कुर्ते का काज बड़ा हो गया है ।		
	काजू	kājū	noun	cashew nut	caju	pt ? caju (Source: Platts) | kok काज्जु (Source: Dasa) .	headword	00035961	NOUN	काजू	काजू के फल का बीज	वह पुष्ट होने के लिए प्रतिदिन काजू, किशमिश आदि खाता है ।		
	काजू	kājū	noun	cashew nut	caju	pt ? caju (Source: Platts) | kok काज्जु (Source: Dasa) .	headword	00006554	NOUN	काजू	एक खाद्य फल जिसकी गिरी का उपयोग मेवे के रूप में होता है	काजू से शराब बनाई जाती है ।		
	काजू	kājū	noun	cashew nut	caju	pt ? caju (Source: Platts) | kok काज्जु (Source: Dasa) .	headword	00025657	NOUN	काजू	एक सदाबहार पेड़ जिसके फल के बीजों की गणना मेवों में होती है	एक बंदर काजू की डालियों को हिला रहा है ।		
	कलापट्टी	kalāpaṭṭī	noun	caulker & act of caulking in ships	calafate	pt calafate (Source: Dalgado, Dasa) | ar (Source: Dalgado) .	unmatched							
	कमरा	kamarā	noun	room	câmara	pt câmara (Source: Dalgado, McGregor, Platts) | en camera (Source: Dasa) .	headword	00003552	NOUN	कमरा; कक्ष; घर; कोष्ठ; रूम; सेल	चारों ओर से दीवारों से घिरा और छाया हुआ मकान आदि का छोटा हिस्सा	मेरा कमरा दूसरी मंज़िल पर है ।		
	कमरा	kamarā	noun	room	câmara	pt câmara (Source: Dalgado, McGregor, Platts) | en camera (Source: Dasa) .	headword	00026879	NOUN	कमरा; कक्ष	किसी कमरे में उपस्थित लोग	उसकी बात सुनकर पूरा कमरा हँसने लगा ।		
	कंपू	kampū	noun	encampment & tent & cantonment & camp 	campo	en camp (Source: McGregor, Platts) .	headword	00005904	NOUN	छावनी; सैनिक_शिविर; कंपू; शिविर; पड़ाव; विक्षेप; अवस्कंद; अवस्कन्द	सैनिकों के रहने का स्थान	यह गोरखा रेजीमेंट की छावनी है ।		
	कंदील	kandīl	noun	a lantern	candil	pt ? candil (Source: Dalgado) | lat candēla ‘a light made of wax or tallow' > grc κανδήλη ‘oil lamp' > ar قنديل  ‘lamp' (Source: Dalgado, Dasa) | pa kandīl [arabicized] (Source: Platts) .	headword	00008606	NOUN	कंदील; क़ंदील; कन्दील; क़न्दील; कंडील; कन्डील	मिट्टी, अबरक, काग़ज़ आदि की बनी हुई वह लालटेन जिसका मुँह ऊपर की ओर होता है	प्रकाश के लिए आज भी कुछ घरों में कंदील जलाए जाते हैं ।		
	कंदील	kandīl	noun	a lantern	candil	pt ? candil (Source: Dalgado) | lat candēla ‘a light made of wax or tallow' > grc κανδήλη ‘oil lamp' > ar قنديل  ‘lamp' (Source: Dalgado, Dasa) | pa kandīl [arabicized] (Source: Platts) .	headword	00036186	NOUN	कंदील; कन्दील	जहाज़ में वह स्थान जहाँ लोग पाखाना फिरते हैं और जिसके पास पानी का भण्डार रहता है	कर्मचारी कंदील को साफ़ कर रहा है ।		
	कंडीलिया	kandilya	noun	lighthouse	candil	pt candil (Source: Dasa) | hi कंडील 'lamp' (Source: Dasa) .	unmatched							
	कप्तान	kaptān	noun	captain (of a ship)	capitão	pt capitão (Source: Dalgado) | en Captain (Source: Dasa, McGregor, Platts) .	headword	00029178	NOUN	कप्तान; कैप्टन	थल सेना का एक अधिकारी	कप्तान पद में मेजर के नीचे होता है ।		
	कप्तान	kaptān	noun	captain (of a ship)	capitão	pt capitão (Source: Dalgado) | en Captain (Source: Dasa, McGregor, Platts) .	headword	00029179	NOUN	कप्तान; कैप्टन	वह खिलाड़ी जो किसी खिलाड़ी दल का प्रधान हो	महेश हमारे क्रिकेट टीम का कप्तान है ।		
	कप्तान	kaptān	noun	captain (of a ship)	capitão	pt capitão (Source: Dalgado) | en Captain (Source: Dasa, McGregor, Platts) .	headword	00035906	NOUN	कप्तान; कैप्टन	नौसेना का वह अधिकारी जिसके नियंत्रण में युद्धपोत होता है	कप्तान ने चालक दल से जहाज़ को पूर्व की ओर ले जाने कहा ।		
	कप्तान	kaptān	noun	captain (of a ship)	capitão	pt capitão (Source: Dalgado) | en Captain (Source: Dasa, McGregor, Platts) .	headword	00035907	NOUN	कप्तान; कैप्टन; मास्टर; स्कीपर	वह अधिकारी जिसके पास किसी व्यापारी जहाज़ को नियंत्रित करने का लाइसेंस होता है	समूद्री दस्युओं ने कप्तान और सभी यात्रियों को बंदी बना लिया है ।		
	कप्तान	kaptān	noun	captain (of a ship)	capitão	pt capitão (Source: Dalgado) | en Captain (Source: Dasa, McGregor, Platts) .	headword	00035908	NOUN	कप्तान; कैप्टन	हवाई जहाज़ का मुख्य विमान चालक या पायलेट जिसके उत्तरदायित्व में वह जहाज़ होता है	कप्तान ने यात्रियों को हवाई जहाज़ के उड़ान भरने की जानकारी दी ।		
	कप्तान	kaptān	noun	captain (of a ship)	capitão	pt capitão (Source: Dalgado) | en Captain (Source: Dasa, McGregor, Platts) .	headword	00036841	NOUN	नाखुदा; कप्तान	जहाज आदि का मुख्य अधिकारी व्यक्ति	नाखुदा ने जहाज को तट के पास ले जाने के लिए कहा ।		
	कारबाइन	kaṛābīn	noun	a carbine	carabina	fa qarābīn (Source: McGregor) | fr carbine (Source: Platts) .	headword	00035285	NOUN	कड़ाबीन; कारबाइन	एक प्रकार की बंदूक	कड़ाबीन का मुँह थोड़ा चौड़ा होता है ।		
	करमरिया	karamriyā	noun	(sailing) calming of the water waves due to decrease in winds	acalmaria	pt acalma [from form alcalmaria] (Source: Dasa) .	unmatched							
	करधनी	kardhani	noun	cord of several strands of thread worn around the waist	cordão	sa ? कटि + आधानी 'waist + ornament' (Source: Dasa) | sa कटि+धारणीयं (Source: Platts) .	headword	00008969	NOUN	करधनी; करधन; तगड़ी; शृंखला; मेखला; रशना; कंधनी; सारसन; कंदोरा; मेखल; कटिजेब	कमर में पहनने का एक गहना	सीता की कमर में करधनी शोभायमान है ।		
	कर्नल	karnal	noun	colonel	coronel	pt coronel (Source: Dalgado) | en colonel (Source: Dasa) .	headword	00035588	NOUN	कर्नल; करनल	एक सैनिक अधिकारी	नए कर्नल का सभी सैनिक सम्मान करते हैं ।		
	कर्नल	karnal	noun	colonel	coronel	pt coronel (Source: Dalgado) | en colonel (Source: Dasa) .	headword	00035696	NOUN	कर्नल; करनल	सैनिक अधिकारी का एक पद	कैप्टन ने कर्नल के लिए आवेदन दिया है ।		
	कारतूस	kārtūs	noun	(firearms) cartridge	cartucho	pt cartucho (Source: Dasa) | fr cartouche (Source: McGregor) | fa توشدان [corr. of] (Source: Platts) .	headword	00008632	NOUN	कारतूस; टोटा	मोटे कागज की बनी नली जिसमें गोली,छर्रा तथा बारूद भरी रहती है	सिपाही फायर करने के लिए राइफल में कारतूस भर रहा है ।		
	किराँची	kirām̐cī	noun	a cart used to carry loads, carriage of goods train & bullock cart	carraguem	pt carraguem (Source: McGregor) | en carriage (Source: Dasa) .	headword	00014560	NOUN	किराँची; किरांची	अनाज,भूसा आदि लदने की एक प्रकार की बैलगाड़ी	मजदूर किराँची पर भूसा लाद रहे हैं ।		
	कोचवान	kochvān	noun	a coachman	cocheiro	ar (Source: Dasa) .	headword	00022538	NOUN	कोचवान; जोतवान	वह जो घोड़ागाड़ी चलाता या हाँकता हो	कोचवान घोड़े को घोड़ागाड़ी में जोत रहा है ।		
	क्रिस्तान	kristāna	noun	christian	cristão	pt cristão (Source: McGregor) | en Christian (Source: Dasa, Platts)  .	unmatched							
	क्रूस	krūsa	noun	the cross on which Jesus Christ was crucified & crucifix, cross	cruz	pt cruz (Source: Dalgado, McGregor) | en cross (Source: Dasa) .	headword	00023561	NOUN	क्रूस; सलीब; क्रूश	लगभग धन के आकार का बना वह लकड़ी का चिह्न जिस पर ईसामसीह को लटकाया गया था	क्रूस पर मरने से पहले ईसामसीह ने सभी लोगों को क्षमा कर दिया था ।		
	क्रूस	krūsa	noun	the cross on which Jesus Christ was crucified & crucifix, cross	cruz	pt cruz (Source: Dalgado, McGregor) | en cross (Source: Dasa) .	headword	00023562	NOUN	क्रूस; सलीब; क्रूश	ईसाइयों का एक धर्म चिन्ह जो धन के आकार का होता है	डेविड अपने गले में क्रूस पहनता है ।		
	कुनिया	kuniya	noun	wedge	cunha	pt cunha (Source: Dalgado) | sa काण (Source: Dasa) .	unmatched							
	लैंप	laimp	noun	lamp	lampada	pt lampada (Source: Dalgado) | en lamp (Source: Dalgado, Dasa) .	headword	00026934	NOUN	लैंप; लैम्प	एक प्रकार की प्रकाश उत्सर्जक वस्तु	लैंप बुझते ही कमरे में अंधेरा छा गया ।		
	लंगूचा	languchā	noun	a sausage	linguiça	sa लिङ्ग+उच्चयः (Source: Platts) .	unmatched							
	मारतौल	mārataula	noun	a heavy hammer, hammer 	martelo	pt martelo (Source: Dalgado, Dasa, McGregor, Platts) .	unmatched							
	मरमर	marmar	noun	marble	mármore	pt mármore (Source: Dalgado) | grc > fa مرمر (Source: McGregor) | ur (Source: Dasa).	headword	00001893	NOUN	संगमरमर; संग_मरमर; मरमर; शिलाजा	एक प्रकार का बहुत चमकीला, बढ़िया, सफ़ेद पत्थर	ताज महल का निर्माण संगमरमर से हुआ है ।		
	मास-कबार	mās-kabār	noun	last day of a month, monthly statement	mês	pt mês (Source: Dalgado) .	unmatched							
	मस्तीसा	mastīsā	noun	half-caste	mestiço	pt mestiço (Source: Dalgado) .	unmatched							
	मस्तूल	mastūla	noun	mast	mastro	pt mastro (Source: Dasa) .	headword	00006075	NOUN	मस्तूल; कूपक; दंड; दण्ड	बड़ी नावों के बीच का वह लट्ठा जिसमें पाल बाँधते हैं	तेज़ हवा के कारण नाव का कमज़ोर मस्तूल टूट गया ।		
	मेज़	mez	noun	table	mesa	pt mesa (Source: Dalgado, Dasa) | fa میز (Source: Dasa, McGregor) .	headword	00009849	NOUN	मेज; मेज़; टेबल; टेबिल; टेबुल	लिखने, पढ़ने या खाने आदि के लिए बनी ऊँची चौकी	मेज पर पुस्तकें बिखरी हुई हैं ।		
	मिस्तरी	mistarī	noun	skilled tradesman	mestre	pt mestre (Source: McGregor) .	headword	00004341	NOUN	मिस्तरी; मिस्त्री; कारीगर	वह जो मकान या काठ,धातु आदि के सामान बनाता हो	यह मूर्ति अच्छे कारीगर द्वारा बनाई गई है ।		
	मिस्तरी	mistarī	noun	skilled tradesman	mestre	pt mestre (Source: McGregor) .	headword	00010600	NOUN	कारीगर; मिस्त्री; यांत्रिक; मिस्तरी; यंत्रविद्; यंत्रविद्ध; यंत्रकार	वह जो यंत्रों आदि की मरम्मत करता हो	कारीगर कार की मरम्मत कर रहा है ।		
	मिस्त्री	mistarī	noun	skilled tradesman	mestre	pt mestre (Source: McGregor) .	headword	00004341	NOUN	मिस्तरी; मिस्त्री; कारीगर	वह जो मकान या काठ,धातु आदि के सामान बनाता हो	यह मूर्ति अच्छे कारीगर द्वारा बनाई गई है ।		
	मिस्त्री	mistarī	noun	skilled tradesman	mestre	pt mestre (Source: McGregor) .	headword	00010600	NOUN	कारीगर; मिस्त्री; यांत्रिक; मिस्तरी; यंत्रविद्; यंत्रविद्ध; यंत्रकार	वह जो यंत्रों आदि की मरम्मत करता हो	कारीगर कार की मरम्मत कर रहा है ।		
	मिस्त्री	mistrī	noun	mechanic & artisan, craftsman	mestre	pt mestre (Source: McGregor) .	headword	00004341	NOUN	मिस्तरी; मिस्त्री; कारीगर	वह जो मकान या काठ,धातु आदि के सामान बनाता हो	यह मूर्ति अच्छे कारीगर द्वारा बनाई गई है ।		
	मिस्त्री	mistrī	noun	mechanic & artisan, craftsman	mestre	pt mestre (Source: McGregor) .	headword	00010600	NOUN	कारीगर; मिस्त्री; यांत्रिक; मिस्तरी; यंत्रविद्; यंत्रविद्ध; यंत्रकार	वह जो यंत्रों आदि की मरम्मत करता हो	कारीगर कार की मरम्मत कर रहा है ।		
	मुसंबी	musambī	noun	mousambi	Moçambique	pt Moçambique (Source: Dasa) .	headword	00020077	NOUN	मोसम्मी; मुसम्मी; मोसम्बी; मोसंबी; मोसंमी; मुसंमी; मुसम्बी; मुसंबी	नीबू की जाति का एक मझोले आकार के पेड़ का फल जो रसदार होता है	मोसम्मी संतरे की तरह का होता है ।		
	मुसंबी	musambī	noun	mousambi	Moçambique	pt Moçambique (Source: Dasa) .	headword	00020076	NOUN	मुसम्मी; मुसंमी; मुसम्बी; मुसंबी; मोसंबी; मोसंमी; मोसम्बी; मोसम्मी	नीबू की जाति का एक मझोले आकार का पेड़ जिसके फल खाए जाते हैं	मुसम्मी के फल संतरे की तरह होते हैं ।		
	नौल	naul	noun	Naulage, passage-money (by ship or boat), fare	naulo		unmatched							
	नीलाम	nīlām	noun	auction (a public event where goods are sold through bidding)	leilão	pt leilão (Source: Dalgado, Dasa) .	headword	00009304	NOUN	नीलामी; नीलाम; घोष_विक्रय; नीलाम_बिक्री	चीज़ें बेचने का वह ढंग जिसमें माल उस आदमी को दिया जाता है जो सबसे अधिक दाम बोलता है	बैंक के कर्ज़ को न अदा कर सकने के कारण महेश के घर की नीलामी कर दी गई ।		
ओलंदेज	ओलंदेज़	olandez	noun	(dated) Dutchman; citizen of Holland 	holandês	pt holandês (Source: Wiktionary) | fr hollandais (Dasa) .	unmatched							
	पादरी	pādarī	noun	Christian priest or minister; chaplain.	padre	pt padre (Source: Dalgado, Dasa) .	headword	00000487	NOUN	पादरी; फ़ादर; फादर	ईसाई पुरोहित	ईसाई समाज में पादरी का बड़ा महत्व है ।		
	पपीता	papītā	noun	papaya	papaia	pt papaia (Source: Dalgado)  .	headword	00003142	NOUN	पपीता; पपैया; रेंड़_खरबूजा; पपीतिया; अंडखरबूजा; मधुकर्कटी; नलिकादल; एरंडचिर्भिट; वातकुंभ	एक पेड़ का बड़ा, मीठा और लंबोतरा फल जो खाया जाता है	माँ कच्चे पपीते की तरकारी बना रही है ।		
	पपीता	papītā	noun	papaya	papaia	pt papaia (Source: Dalgado)  .	headword	00003143	NOUN	पपीता; पपैया; रेंड़_खरबूजा; पपीतिया; अंडखरबूजा; मधुकर्कटी; नलिकादल; एरंडचिर्भिट; वातकुंभ	एक प्रकार का पेड़ जिसके बड़े, मीठे और लंबोतरे फल खाए जाते हैं और इसकी लकड़ी का कुछ विशेष उपयोग नहीं होता है	श्याम ने पपीते को जड़ से काट दिया ।		
	परात	parāt	noun	receipt	prato	pt prato (Source: Dalgado) | sa पात्र (Source: Dasa) .	headword	00009396	NOUN	परात; थाल	थाली के आकार का बड़ा बर्तन	माँ रोटी बनाने के लिए परात में आटा सान रही है ।		
	पाव-रोटी	pāv-rotī	noun	loaf of bread	pão	pt pão + hi रोटी  (Source: Dalgado, Dasa) | sa पद् (Source: McGregor, Platts) .	unmatched							
	पीपा	pīpā	noun	cylinder, barrel, cask	pipa	pt pipa (Source: Dalgado, McGregor) | ? (Source: Dasa) .	headword	00004975	NOUN	पीपा; कनस्तर; टिन	रांगे की कलई की हुई पतली चद्दर का बना हुआ वह चौकोर पात्र जिसमें घी,तेल आदि रखे जाते हैं	उसका रसोई-घर पीपों से भरा हुआ है ।		
	पीपा	pīpā	noun	cylinder, barrel, cask	pipa	pt pipa (Source: Dalgado, McGregor) | ? (Source: Dasa) .	headword	00027154	NOUN	पीपा; कनस्तर; टिन	* किसी वस्तु की उतनी मात्रा जितनी एक पीपे में आए	दो पीपा तेल बह गया ।		
	पीपा	pīpā	noun	cylinder, barrel, cask	pipa	pt pipa (Source: Dalgado, McGregor) | ? (Source: Dasa) .	headword	00038167	NOUN	पीपा; ड्रम	द्रव आदि रखने का धातु, प्लास्टिक आदि का बड़ा पात्र	कपड़े धोने के लिए पीपे का पानी इस्तेमाल कीजिए ।		
	पिरिच	piric	noun	saucer  & a flat surface (as used in pressing out indigo)	pires	pt pires (Source: Dalgado) | en press (Source: McGregor) .	unmatched							
	पीरू	pīrū	noun	turkey	peru	fa پِیل مُرْغ (Source: Dasa) .	unmatched							
	पिस्तौल	pistaula	noun	pistol, gun	pistola	pt pistola (Source: Dalgado, McGregor) | en pistol (Source: Dalgado, Dasa) .	headword	00006849	NOUN	पिस्तौल; तमंचा	बन्दूक की तरह का एक छोटा अस्त्र	पुलिस ने चोर के पास से एक विदेशी पिस्तौल बरामद की ।		
	पुलिस	pulis	noun	the police	polícia	en police (Source: Dasa, McGregor) .	headword	00028210	NOUN	पुलिस; आरक्षी-बल; पुलिस_बल	वह विभाग, दल या संस्था जो जनता के जान-माल की रक्षा के लिए होती है	उसको पकड़ने के लिए पुलिस आई है ।		
	पुलिस	pulis	noun	the police	polícia	en police (Source: Dasa, McGregor) .	headword	00010800	NOUN	सिपाही; पुलिस; पुलिसवाला; आरक्षी; आरक्षक; आरक्षिक; पुलिसकर्मी; जवान; जवाँ; जवां	प्रजा की जान और माल की रक्षा करने वाला सिपाही या अफसर	सिपाही ने दौड़कर एक चोर को पकड़ लिया ।		
	क़मीज़	qamīz	noun	shirt	camisa	pt camisa (Source: Dalgado) | ar قميص ‘shirt’ & ‘gown’ (Source: Dalgado, Platts) .	unmatched							
	रसीद	rasīd	noun	receipt	recibo	pt recibo (Source: Dalgado) | fa رسید (Source: Dasa, McGregor) | en receipt (Dasa) .	headword	00006831	NOUN	रसीद; पावती; प्राप्तिका; प्राप्ति_पत्र; रिसीट; रीसीट	किसी से रुपए लेने पर उसके प्रमाण के रूप में दिया जाने वाला लिखा हुआ पत्र	यह हमारे द्वारा बैंक में जमा किये गये पैसे की रसीद है ।		
	रतल	ratal	noun	a pound weight	arrátel	ar rat̤l (Source: McGregor) .	unmatched							
	साबुन	sābun	noun	soap	sabão	pt sabão (Source: Dalgado) | ar صَابُون (Source: Dasa, McGregor) |  ar صَابُون > fa صابون (Source: Wiktionary) .	headword	00008288	NOUN	साबुन	शरीर और कपड़े आदि साफ़ करने के लिए क्षार,तेल आदि से बनाया हुआ एक पदार्थ	वह प्रतिदिन साबुन से नहाता है ।		
	सागू	sāgū	noun	sago	sagu	pt ? sagu (Source: Dalgado) | id sagu (Source: McGregor) | en sago (Source: Dasa) .	headword	00010218	NOUN	सागू	ताड़ की जाति का एक वृक्ष	सागू के तने के गूदे से साबूदाना बनता है ।		
	सलाद	salad	noun	salad	salada	fr salade (Source: McGregor) |  en salad (Source: Dasa) | fa (Source: Dasa) | ar (Source: Dasa) .	headword	00010202	NOUN	सलाद	कच्ची खाई जानेवाली हरी सब्जियाँ और कंद,आदि को मिलाकर बनाई हुई एक खाद्य वस्तु	सलाद सेहत के लिए बहुत फ़ायदेमंद होता है ।		
	सलाद	salād	noun	salad	salada	fr salade (Source: McGregor) | ar > en salad (Source: Dasa) .	headword	00010202	NOUN	सलाद	कच्ची खाई जानेवाली हरी सब्जियाँ और कंद,आदि को मिलाकर बनाई हुई एक खाद्य वस्तु	सलाद सेहत के लिए बहुत फ़ायदेमंद होता है ।		
	सालसा	sālasā	noun	Indian sarsparilla	salsaparrilha	pt salsaparrilha (Source: McGregor) | en (Source: Dasa)	headword	00018550	NOUN	सालसा	एक प्रकार का काढ़ा	सालसा पीने से खून साफ होता है ।		
	शर्ती	śart	noun	condition, requirement & wager, bet 	sorte	ar شَرْط (Source: Dasa) .	unmatched							
	साया	sāyā	noun	petticoat	saia	pt saia (Source: Dalgado, McGregor) | en chemise (Source: Dasa) .	headword	00002240	NOUN	परछाईं; साया; छाया; प्रतिच्छाया; प्रतिछाया; परछावाँ; परछाहीँ	किसी वस्तु पर प्रकाश पड़ने पर उसकी विपरित दिशा में उस वस्तु के अनुरूप बनी काली आकृति	बच्चा अपनी परछाईं को देखकर प्रसन्न हो रहा है ।		
	साया	sāyā	noun	petticoat	saia	pt saia (Source: Dalgado, McGregor) | en chemise (Source: Dasa) .	headword	00020818	NOUN	छाया; साया	भूत-प्रेत आदि जैसे कुछ जो कि वास्तविक न होकर धारणा में होता है और जिसका बुरा प्रभाव पड़ता है	सरोज पर प्रेत की छाया है ।		
	साया	sāyā	noun	petticoat	saia	pt saia (Source: Dalgado, McGregor) | en chemise (Source: Dasa) .	headword	00020899	NOUN	छाया; साया	प्रायः किसी के पीछे या साथ लगा रहनेवाला व्यक्ति या पदार्थ	वे दोनों दोस्त एक दूसरे की छाया हैं ।		
	साया	sāyā	noun	petticoat	saia	pt saia (Source: Dalgado, McGregor) | en chemise (Source: Dasa) .	headword	00005465	NOUN	साया; पेटीकोट; अँतरौटा; अंतरौटा; लहँगा; लहंगा	घाघरे की तरह का एक स्त्री पहनावा	औरतें साड़ी के नीचे साया पहनती हैं ।		
	साया	sāyā	noun	petticoat	saia	pt saia (Source: Dalgado, McGregor) | en chemise (Source: Dasa) .	headword	00008801	NOUN	छाया; छाँह; साया; छाँव; अनातय	वह स्थान जहाँ धूप, प्रकाश आने में रूकावट हो	पथिक छाया में आराम कर रहा है ।		
	साया	sāyā	noun	petticoat	saia	pt saia (Source: Dalgado, McGregor) | en chemise (Source: Dasa) .	headword	00003384	NOUN	भूत; जिन; पिशाच; प्रेत; बैताल; वैताल; छाया; साया; भूत-प्रेत; आसेब; सत्व; सत्त्व	किसी मृत व्यक्ति की आत्मा का वह रूप जो मोक्ष या मुक्ति के अभाव में उसे प्राप्त होता है और जिसमें वह प्रायः कष्टदायक और अमांगलिक कार्य करता है	विज्ञान भूतों के अस्तित्व को नकारता है ।		
	सितंबर	sitambara	noun	September	setembro	pt setembro (Source: McGregor) | en September (Source: Dasa, McGregor) .	headword	00011069	NOUN	सितम्बर; सितंबर; सप्टेंबर; सेप्टेमबर	अंग्रेज़ी वर्ष का नौवाँ महीना	चौदह सितम्बर हिंदी दिवस के रूप में मनाया जाता है ।		
सोफा	सोफ़ा	sufa	noun	a sofa, a couch	sofá	en sofa (Source: Dasa) .	variant	00025533	NOUN	सोफा; सोफ़ा	बैठने का कुर्सीनुमा गद्देदार आसन	आप सोफे पर आराम से बैठिए ।		
	तंबाकू	tambākū	noun	tobacco	tabaco	pt tabaco (Source: Dalgado) | fa تنباکو (Source: McGregor) | en tobacco (Source: Dasa) .	headword	00005902	NOUN	तंबाकू; तम्बाकू; तंबाखू; तम्बाखू; तमाकू; तमाखू; सुरती; श्रीमलापहा	बीड़ी, सिगरेट आदि में भरकर पिया जाने वाला या यों ही चूने के साथ खाया जाने वाला तंबाकू का सुखाया हुआ पत्ता	वह सुरती खा रहा है ।		
	तंबाकू	tambākū	noun	tobacco	tabaco	pt tabaco (Source: Dalgado) | fa تنباکو (Source: McGregor) | en tobacco (Source: Dasa) .	headword	00005901	NOUN	तंबाकू; तम्बाकू; तंबाखू; तम्बाखू; तमाकू; तमाखू; श्रीमलापहा	सुरती के पत्तों से बना एक विशेष प्रकार का कुछ गीला पदार्थ जिसे चिलम पर रख और सुलगाकर उसका धुआँ पीते हैं	तंबाकू पीना स्वास्थ्य के लिए हानिकारक है ।		
	तंबाकू	tambākū	noun	tobacco	tabaco	pt tabaco (Source: Dalgado) | fa تنباکو (Source: McGregor) | en tobacco (Source: Dasa) .	headword	00005903	NOUN	तंबाकू; तम्बाकू; तंबाखू; तम्बाखू; तमाखू; तमाकू; श्रीमलापहा	एक पौधा जिसके पत्ते अनेक रूपों में नशे के लिए काम में लाए जाते हैं	वह तंबाकू की खेती करता है ।		
	तंबूरा	tānpūrā	noun	tanpura	tambor	fa تنبور ‘tanbur' (Source:  Dasa, McGregor) .	headword	00000409	NOUN	तानपूरा; तंबूरा; तम्बूरा; तमूरा; तानपुरा	सितार की तरह का, पर उससे बड़ा, एक प्रकार का बाजा	मुझे तानपूरा बजाना अच्छा लगता है ।		
	तौलिया	tauliyā	noun	towel	toalha	pt toalha (Source: Dalgado) | en towel (Source: Dasa, McGregor, Platts) .	headword	00002017	NOUN	तौलिया; अंगोछा; अँगोछा; गमछा; झल्लिका	एक आयताकार मोटा वस्त्र जो शरीर आदि पोछने के काम में आता है	वह तौलिये से मुँह पोछ रहा है ।		
	तूफ़ान	tūfān	noun	storm, tempest & hurricane	tufão	ar طوفان (Source: Platts) .	headword	00003799	NOUN	तूफ़ान; तूफान	वह तेज़ आँधी जिसमें खूब धूल उड़े और पानी बरसे	रात को आए तूफ़ान से धन और जन की काफ़ी क्षति हुई ।		
	तूफ़ान	tūfān	noun	storm, tempest & hurricane	tufão	ar طوفان (Source: Platts) .	headword	00034570	NOUN	तूफ़ान; तूफान	ऐसी भीषण या विकट अवस्था जिसमें या तो बहुत से लोग सम्मिलित हों या जिससे बहुतों को भारी हानि हो	चारों तरफ आर्थिक मंदी का तूफ़ान आया हुआ है ।		
	तुरंज	turanj	noun	a kind of citron	toronja	fa turanj (Source: Dasa, McGregor) .	unmatched							
	तूसदान	tusadan	noun	cartridge	cartucho	pt cartucho + दान [addition of suffix] (Source: Dasa) | en cartridge (Source: Platts) .	unmatched							
	वरमेल्हो	varmelho	noun	Malay red sandalwood	vermelho	pt vermelho (Source: Dasa) .	unmatched							
	विंदालू	vindalu	noun	vindaloo	vinha de alhos	pt vinda de alhos (Source: Dalgado) .	unmatched							
	करूबीम		noun	cherubim	querubim	pt querubim (Source: Dalgado) .	unmatched							
	छापा		noun	a seal, impression, stamp, or brand	chapa	pt ? chapa (Source: Dalgado) | sn चयन (Source: Dasa, Platts) .	headword	00008426	NOUN	छापा; रेड	अवैध वस्तुओं या किसी व्यक्ति आदि को पकड़ने के लिए पुलिस या सरकारी विभागों द्वारा की जानेवाली अचानक जाँच-पड़ताल या ली जानेवाली तलाशी	आज पुलिस ने सेठ करोड़ीमल के घर पर छापा मारा। / आज इस कार्यालय में पुलिस की रेड पड़ी है ।		
	छापा		noun	a seal, impression, stamp, or brand	chapa	pt ? chapa (Source: Dalgado) | sn चयन (Source: Dasa, Platts) .	headword	00001005	NOUN	मुहर; मोहर; मुद्रा; स्टैंप; स्टैम्प; सील; स्टांप; स्टाम्प; ठप्पा; छापा; नक़्श; नक्श; अंकक; इस्टाम	अक्षर, चिह्न, नाम आदि की छाप लेने या उन्हें दबाकर अंकित करने का ठप्पा	प्रधानाचार्य ने अपने नाम की एक मुहर बनवाई ।		
	छापा		noun	a seal, impression, stamp, or brand	chapa	pt ? chapa (Source: Dalgado) | sn चयन (Source: Dasa, Platts) .	headword	00007714	NOUN	मोहर; मुहर; स्टांप; स्टाम्प; अंकक; स्टैंप; स्टैम्प; सील; छापा; इस्टाम	मोहर लगाने पर प्राप्त छाप या आकृति	उसने कागज पर लगी मोहर के ऊपर हस्ताक्षर कर दिया ।		
	छापा		noun	a seal, impression, stamp, or brand	chapa	pt ? chapa (Source: Dalgado) | sn चयन (Source: Dasa, Platts) .	headword	00005239	NOUN	छाप; छापा; छप्पा	काग़ज़,कपड़े आदि पर ढले, खुदे या लिखे हुए अक्षरों, चित्रों आदि के चिन्ह	इस साड़ी पर जहाज के छाप हैं ।		
	छापा		noun	a seal, impression, stamp, or brand	chapa	pt ? chapa (Source: Dalgado) | sn चयन (Source: Dasa, Platts) .	headword	00005764	NOUN	ठप्पा; थापा; छापा	लकड़ी या धातु आदि का वह खंड जिसपर कोई आकृति या बेल-बूटे आदि खुदे हों और उसे किसी दूसरी वस्तु पर रखकर दबाने से उसमें खुदी आकृति उतर या बन जाए	मजदूर ठप्पे से कपड़ों पर तरह-तरह की छाप बना रहा है ।		
	छापा		noun	a seal, impression, stamp, or brand	chapa	pt ? chapa (Source: Dalgado) | sn चयन (Source: Dasa, Platts) .	headword	00028745	NOUN	छापामारी; छापेमारी; छापा	छापा मारने का काम	सरकारी अधिकारी के घर व दफ्तर की छापामारी से पुलिस को कुछ भी हासिल नहीं हुआ ।		
